#Vectors

V1 <- c(1, 2, 3, 4, 5)
V2 <- c(10, 20, 30, 40, 50)
V1 + V2


